4.771636315024215900e-13
5.804618987815819598e-13
1.547291839720625943e-12
2.790092472674979166e-12
5.022814749828303878e-12
9.034853188595764543e-12
1.624735241212696740e-11
2.922378916659750353e-11
5.252382788799399642e-11
9.450628666443119216e-11
1.701340738502379139e-10
3.059501649341559311e-10
5.501209791751227555e-10
9.888178285270563935e-10
1.777535960483481733e-09
3.193623644673687571e-09
5.774573341967492343e-09
1.036149867087282601e-08
1.858274237781304958e-08
3.329689704811265649e-08
5.960244386646693259e-08
1.065149263142155613e-07
1.896449764404183750e-07
3.377548363852141036e-07
5.986806831618706439e-07
1.060835628778846303e-06
1.871782722931395123e-06
3.288322973810835985e-06
5.742423253950422457e-06
9.950796669393562180e-06
1.709095466407717847e-05
2.901684785679175442e-05
4.862529111444684193e-05
8.002740695968110773e-05
1.290081568046172326e-04
2.030111497019132039e-04
3.108217705463580272e-04
4.616098815137994874e-04
6.632262347677529224e-04
9.203481840674332566e-04
1.233938663769714285e-03
1.595567013093854118e-03
1.994107141984100863e-03
2.411938210520535222e-03
2.831830005027969818e-03
3.239295516086673071e-03
3.624243708624005911e-03
3.980410231803643319e-03
