GW190421_213856 GW190910_112807 12232151.0 3.891161568774629 6.636920815043769 1239917954.3 1252150105.3 2880.0 1460.0
GW190424_180648 GW190727_060333 8078205.900000095 0.4444444444444444 0.7613181041453905 1240164426.1 1248242632.0 2200.0 3300.0
GW190424_180648 GW190803_022701 8670013.80000019 0.45263679637890564 0.8450596474706495 1240164426.1 1248834439.9 2200.0 3270.0
GW190731_140936 GW190803_022701 217045.30000019073 1.0184327918525375 1.9108978920559534 1248617394.6 1248834439.9 3300.0 3270.0
GW190803_022701 GW190910_112807 3315665.399999857 5.016372677800712 9.267732187048464 1248834439.9 1252150105.3 3270.0 1460.0
GW191222_033537 GW200128_022011 3192274.8000001907 0.7785467128027681 1.3051740632845779 1261020955.1 1264213229.9 3000.0 3400.0
GW191103_012549 GW191105_143521 220172.40000009537 0.7410964083175804 0.9711377935295565 1256779567.5 1256999739.9 990.0 1150.0
GW190930_133541 GW191105_143521 3113980.7000000477 0.43674858223062374 0.5514751087215435 1253885759.2 1256999739.9 760.0 1150.0
GW190929_012149 GW200216_220804 12170775.299999952 0.31418975069252075 1.1855816329828368 1253755327.5 1265926102.8 2130.0 3800.0
GW190803_022701 GW200219_094415 17306233.19999981 0.924991349480969 1.4396738392898296 1248834439.9 1266140673.1 3270.0 3400.0
GW190701_203306 GW200220_124850 20189743.5 0.265225 0.41973005518428147 1246048404.6 1266238148.1 2060.0 4000.0
GW190620_030421 GW200216_220804 20891023.5 0.5468213296398892 1.0830436515525954 1245035079.3 1265926102.8 2810.0 3800.0
GW190602_175927 GW191230_180458 18230731.30000019 0.3913520822065981 0.6460515614197089 1243533585.1 1261764316.4 2690.0 4300.0
GW190527_092055 GW190719_215514 4624459.100000143 0.3993983354376561 0.9532515313355812 1242984073.8 1247608532.9 2490.0 3940.0
GW190421_213856 GW191222_033537 21103000.799999952 0.9216 1.3678379693516334 1239917954.3 1261020955.1 2880.0 3000.0
GW190413_052954 GW200219_094415 26972060.599999905 1.0901816608996542 1.7698308596898908 1239168612.5 1266140673.1 3550.0 3400.0
GW190413_052954 GW200209_085452 26105097.599999905 1.0901816608996542 1.8515931449910885 1239168612.5 1265273710.1 3550.0 3400.0
GW190413_134308 GW191109_010717 18098648.5 11.899825731626704 24.70936530963231 1239198206.7 1257296855.2 4450.0 1290.0
GW190706_222641 GW190719_215514 1121313.600000143 1.2584967404468035 2.2165080835349253 1246487219.3 1247608532.9 4420.0 3940.0
